## Example configuration file

## Networking
ip=127.0.0.1
port=5800

## Performance
threads=2

## Camera
width=1280
height=720
fps=10
focal_x=1135.8969399692626
focal_y=1143.254690513296
center_x=669.0465780175468
center_y=338.528724897628

## RealSense
hue_shift=0
sat_shift=0
val_shift=0

## Apriltag
quad_decimate=1
quad_sigma=2
decode_sharpening=0.25