## Example configuration file

## Networking
ip=127.0.0.1
port=5800

## Performance
threads=2

## Camera
width=640
height=480
fps=30
exposure=10
focal_x=675.7506920893655
focal_y=672.515371004964
center_x=335.7860269282015
center_y=228.95257088198858
k_1=0.0949650082746549
k_2=-0.5815183579933634
p_1=0.003619693942495133
p_2=0.007212786342203347
k_3=0.3538247532994049

## Apriltag
quad_decimate=1
quad_sigma=2
decode_sharpening=0.25